Vth_1111=5.24498 

Vth_1112=5.2294 

Vth_1113=5.21314 

Vth_1114=5.19709 

Vth_1115=5.18536 

Vth_1121=5.23325 

